loo <-
c(-245.099946753, -244.929275399, -246.418237229, -245.679740701)
loos <-
structure(c(-1.81945899088, -1.81912168104, -1.81486624104, -1.82197267884, -1.82323700174, -1.82310354365, -1.81826002684, -1.82554073543, -1.82521483627, -1.82528912588, -1.82014019188, -1.82747767226, -1.95764777649, -1.95840719209, -1.95025287296, -1.95849634376, -1.81016620107, -1.81042147422, -1.80576228328, -1.81271371101, -1.80394068348, -1.80376231325, -1.80082761492, -1.806584425, -1.80269569213, -1.80251217911, -1.79962583206, -1.80524808162, -1.7969444348, -1.79694876797, -1.79360389829, -1.79950278879, -1.79478791761, -1.79516277983, -1.79110301376, -1.79746625025, -1.946954709, -1.94548127121, -1.94599041295, -1.94745509041, -1.97592020085, -1.97907450652, -1.97097064954, -1.97891932025, -1.80894054799, -1.80832563617, -1.8060526122, -1.81073305915, -1.90108533349, -1.90410423537, -1.89702906632, -1.90477537679, -1.79880219659, -1.79832245167, -1.79569556659, -1.80065332566, -1.79131697527, -1.79108115761, -1.788107246, -1.79339463669, -1.78776716205, -1.78870621237, -1.78446834227, -1.79086382285, -1.79226317207, -1.79183904089, -1.78902991064, -1.79413083419, -1.83207177977, -1.83478113008, -1.82918772896, -1.83645010146, -1.8650139715, -1.86276834993, -1.86171415289, -1.86449571926, -1.78192025993, -1.78222060492, -1.77877061263, -1.78457554706, -1.83168687443, -1.82979546299, -1.82815895602, -1.83177087256, -2.06737426561, -2.07402805544, -2.06688720726, -2.07421960923, -1.82121984525, -1.82407861289, -1.81915702951, -1.82623002344, -2.02323770005, -2.02974225617, -2.02323241238, -2.03055005029, -2.18452491171, -2.17853304576, -2.18013357916, -2.17733062603, -1.97270966281, -1.96815560232, -1.96812305911, -1.96879393898, -1.79873478011, -1.79737113897, -1.79511880991, -1.79976971554, -1.78057398884, -1.78051726339, -1.77759049631, -1.78322771052, -1.77970860587, -1.77987915361, -1.77689156295, -1.78267948573, -1.90896185107, -1.91427290864, -1.90954707921, -1.91672243148, -2.42316555759, -2.41426985931, -2.41689452079, -2.41123650619, -2.29312426008, -2.28478365447, -2.28659245597, -2.28270537061, -1.78465991022, -1.78588546622, -1.78277429524, -1.78908036275, -2.27448436106, -2.26587113359, -2.26742693841, -2.26395396554, -1.7825863235, -1.78350795182, -1.78065212854, -1.78684004027, -1.90728422367, -1.90253306559, -1.90164095714, -1.90393102541, -1.78027720128, -1.78058368141, -1.77803035767, -1.78397950658, -2.22910907344, -2.23909609051, -2.23635143412, -2.24212840914, -1.9430248031, -1.94911091377, -1.94615589908, -1.95290696793, -1.82351339225, -1.82663001538, -1.82393613429, -1.83062468767, -2.1393673719, -2.13108864772, -2.13134285496, -2.1303052858, -1.87745330173, -1.88207912069, -1.87966491821, -1.88636772067, -2.1819808012, -2.173104512, -2.17340032479, -2.17196424866, -1.79807003071, -1.79992581009, -1.79776507501, -1.80417284712, -1.78193725479, -1.7814000976, -1.77942965553, -1.78512633915, -1.81891018656, -1.82164466077, -1.81972730388, -1.82621987142, -1.86649380191, -1.8706396467, -1.86901387008, -1.87550675871, -1.7814389803, -1.781454276, -1.77960806982, -1.78553052327, -1.88933051106, -1.893916647, -1.89270352456, -1.89906070289, -1.78401699984, -1.78454211289, -1.78282970636, -1.78889529619, -1.85119401036, -1.85473399235, -1.85358835451, -1.85991643683, -1.82192701167, -1.82451894772, -1.82328232128, -1.82958092454, -2.69445659217, -2.68067412714, -2.68206730332, -2.67604562176, -1.7843350851, -1.78481837811, -1.78331624012, -1.78935165441, -1.80617337104, -1.80379777493, -1.80193428176, -1.80700202944, -1.83428398507, -1.83098613071, -1.829021813, -1.83361056327, -1.78173936077, -1.78113791401, -1.77950206684, -1.78528302193, -1.78240485189, -1.78165027934, -1.77998071811, -1.78572512578, -1.80645669889, -1.8041815827, -1.80216571457, -1.80736128228, -1.78319855956, -1.78351685883, -1.78217694312, -1.78813707492, -1.79524784605, -1.79643591593, -1.79547199634, -1.80146655148, -1.86462674935, -1.8678464389, -1.86799879304, -1.87367588146, -1.78064636277, -1.78055431561, -1.77906460514, -1.78495687307, -1.86303566674, -1.86609248539, -1.86638037475, -1.87193361315, -2.40273730062, -2.39354363899, -2.39078551488, -2.38971082016, -1.78588799311, -1.78488797334, -1.78284218569, -1.78859415027, -1.7936262907, -1.79226883788, -1.7899485182, -1.79562246438, -1.86015290687, -1.86289339965, -1.86338612241, -1.8686812791, -1.7858802668, -1.78652109895, -1.78537393894, -1.79121873058, -1.97680195496, -1.97274778008, -1.96863759833, -1.97266792921, -2.1213213562, -2.12694324084, -2.13076482439, -2.13377061734, -1.78179242144, -1.78220668312, -1.78075144658, -1.78660440776, -1.94303695946, -1.94655100748, -1.94848237257, -1.95263559678, -1.77917827523, -1.7792752079, -1.77730866628, -1.78323858793, -1.82908981357, -1.8308758009, -1.8309621744, -1.83610108704, -1.82454917885, -1.82621416302, -1.82618781469, -1.8313293189, -1.81311751086, -1.81454509155, -1.8142019191, -1.81945352754, -1.83215893217, -1.83128784271, -1.82692366366, -1.83298595453, -1.81900798968, -1.81846407424, -1.81420542245, -1.82039855359, -1.78878482679, -1.7888305356, -1.78541183383, -1.7916498167, -1.90713118411, -1.90941513383, -1.91098248119, -1.91472527952, -1.79750582761, -1.79859525347, -1.79746722451, -1.80286172117, -1.88318480553, -1.88316824943, -1.87699937617, -1.88340006867, -1.94752168375, -1.94975016776, -1.95192927642, -1.95490480937, -2.00262794579, -2.00503854923, -2.0079938957, -2.01021720638, -1.93064515356, -1.93251540932, -1.93436580221, -1.93739433784, -1.7840668629, -1.78512624357, -1.78237187819, -1.78837687194, -2.18505615582, -2.18775731537, -2.19273821975, -2.19276272014, -1.80979092944, -1.81128486164, -1.80570471954, -1.81272334357, -1.78892726933, -1.79019615679, -1.78739855176, -1.79332790765, -2.26902668507, -2.27125557751, -2.27682972568, -2.27582325769, -1.80550069861, -1.80756652317, -1.80176611409, -1.80897172661, -1.9598131563, -1.96077228095, -1.96262036747, -1.96487999856, -1.94964618971, -1.95044605975, -1.95201352805, -1.95441715025, -1.79514210596, -1.7973607116, -1.79224380256, -1.79923927279, -1.9450247363, -1.94552460148, -1.9467440829, -1.9492521042, -1.79684595139, -1.79897448365, -1.79442097992, -1.80112588612, -2.24041178997, -2.24033694464, -2.24463143973, -2.24378798776, -1.81309263201, -1.81467791188, -1.81134773294, -1.81726799252, -1.85501307733, -1.86004447299, -1.85083953043, -1.8595126656, -49.300115626, -49.1172804335, -50.8368056352, -49.5290347136, -5.90189548238, -5.88331202246, -5.84565842962, -5.9437437625), .Dim = c(4, 102))
