loo <-
c(-247.286675175, -246.952003949, -245.453793738, -244.108982264)
loos <-
structure(c(-1.86843533128, -1.86895355093, -1.87731984251, -1.86810790566, -1.87766130947, -1.87865515859, -1.88661485958, -1.87760197367, -1.87934105469, -1.88055370631, -1.88809647618, -1.87948436441, -2.05475444881, -2.05823209861, -2.06477157393, -2.05518440204, -1.84699992858, -1.84776240315, -1.85461053838, -1.84735516696, -1.8142033211, -1.81349241508, -1.8201788359, -1.81439813135, -1.81138993585, -1.8106725246, -1.81710533851, -1.81169646356, -1.81006929076, -1.80978841523, -1.81593647911, -1.81055930769, -1.81368486779, -1.81401413577, -1.81980491584, -1.81436282721, -1.92490766904, -1.92105804522, -1.92676001211, -1.92493417237, -2.01398641289, -2.01700648831, -2.0201295913, -2.0149360966, -1.81519718307, -1.81427006275, -1.81979441567, -1.81589270469, -1.92274652933, -1.92509232275, -1.92829590587, -1.92374932379, -1.8098213978, -1.80933155558, -1.8145296253, -1.81068256294, -1.80423471076, -1.80406969128, -1.80906252154, -1.80516638437, -1.80018098854, -1.80089281582, -1.80526056592, -1.80118959889, -1.80812577074, -1.80799119989, -1.81281334959, -1.80911388975, -1.8349521913, -1.83645441833, -1.83947527056, -1.83592591097, -1.89348962699, -1.89230185403, -1.89728537329, -1.89447392813, -1.79749245049, -1.797935862, -1.80221071413, -1.79850794793, -1.86454036233, -1.8639679633, -1.86882046869, -1.86556727466, -2.02331084812, -2.02542431517, -2.02411524329, -2.0236441453, -1.81452884619, -1.815757168, -1.81834265344, -1.81533706048, -1.97379517015, -1.97558198151, -1.97456710767, -1.97405402757, -2.2779661808, -2.27528332114, -2.27948590594, -2.27876029272, -2.05088598585, -2.04968034189, -2.0545026493, -2.05178602844, -1.83989836563, -1.84012342616, -1.84466393365, -1.84078706101, -1.80671150825, -1.80727916225, -1.81133747548, -1.80750367003, -1.80374133872, -1.80436605256, -1.80830970729, -1.80447089868, -1.86089670986, -1.8619607011, -1.86230505013, -1.8609874226, -2.58969933521, -2.58653312222, -2.59021853861, -2.58949070102, -2.45359992837, -2.45125810453, -2.45550838703, -2.45350425759, -1.79535501337, -1.79609211374, -1.79948451946, -1.79578081317, -2.44703524265, -2.44496500283, -2.44945228662, -2.4466625821, -1.79849819632, -1.79919004522, -1.80275841166, -1.79882306427, -2.01902979723, -2.01892461947, -2.0242043159, -2.01924039931, -1.80712862265, -1.80776808024, -1.81167777887, -1.80736629745, -2.07794259282, -2.07793658512, -2.07246449054, -2.07604331786, -1.86527968826, -1.86566345528, -1.86525034368, -1.86456442293, -1.79969324364, -1.80024664122, -1.80247275011, -1.79947055856, -2.32833865155, -2.3272424902, -2.3327037443, -2.32724071594, -1.82261714759, -1.8229716327, -1.82397678046, -1.82202049363, -2.38778643126, -2.3864906305, -2.39205449857, -2.38619771297, -1.79590595863, -1.79639588514, -1.79956707914, -1.79560199288, -1.82762550956, -1.82813677214, -1.83266675979, -1.82739089282, -1.7974997735, -1.79787316234, -1.80046675595, -1.79699306387, -1.81425104983, -1.81444441266, -1.81589730443, -1.81347247756, -1.81622200217, -1.81668249192, -1.82104321974, -1.815823863, -1.82442645836, -1.82448777195, -1.8255348223, -1.82347010357, -1.80754040005, -1.80795194275, -1.8120943617, -1.80704343, -1.80664381252, -1.80678666017, -1.80878109786, -1.8058111587, -1.79774536156, -1.79797476251, -1.80075687041, -1.79702096972, -3.01352809735, -3.00906027355, -3.01447921891, -3.00706012986, -1.80758797883, -1.80793303709, -1.8122101777, -1.80696314294, -1.8967128036, -1.8969616901, -1.90263321623, -1.89586544319, -1.94734720502, -1.94745759844, -1.95345765894, -1.94627922892, -1.83044749362, -1.83076372274, -1.83572960169, -1.82973463336, -1.83492833596, -1.8352287347, -1.84030019297, -1.83418686899, -1.8972393939, -1.89741419023, -1.90317774773, -1.89627060011, -1.80827909213, -1.80857125588, -1.81307809498, -1.80757290991, -1.79716968583, -1.79743258758, -1.80136054068, -1.79646015783, -1.81176967705, -1.8118510316, -1.81402883395, -1.81086833476, -1.81580982048, -1.81609487177, -1.82089751932, -1.81509097057, -1.81153301334, -1.81166597768, -1.81394936614, -1.81069059239, -2.66486151511, -2.66175947946, -2.66780945209, -2.65941769396, -1.84681821397, -1.84703376458, -1.85236439034, -1.84599886091, -1.86554029242, -1.86569571225, -1.87119568257, -1.86464227183, -1.81174987166, -1.8120360683, -1.81449858731, -1.81106963105, -1.79887658977, -1.7992491694, -1.80357955645, -1.79831643028, -2.13287809895, -2.1319697975, -2.13795153213, -2.13056380915, -1.98495873146, -1.98501974929, -1.98335504754, -1.98366948797, -1.8017392417, -1.80216826682, -1.80663558333, -1.80125408582, -1.8639429193, -1.86446691055, -1.86565913846, -1.86336616546, -1.81083983004, -1.81125998791, -1.81591932472, -1.81035584855, -1.80220734383, -1.80291652234, -1.80607608702, -1.80195239226, -1.80101306927, -1.80178740257, -1.80503069138, -1.80081896594, -1.79742022762, -1.79823933128, -1.80169416905, -1.79727804253, -1.91205289564, -1.91192322005, -1.9168269584, -1.91099382775, -1.88948401508, -1.88947186579, -1.89422294418, -1.88857499785, -1.83523041051, -1.83558764357, -1.84010019319, -1.83471786702, -1.85613314585, -1.85757702173, -1.85958785208, -1.85630146176, -1.79561706078, -1.7967377329, -1.80036257512, -1.79571991508, -1.96358740559, -1.96305098071, -1.96698454876, -1.96214602912, -1.89415820352, -1.8961566036, -1.89775856963, -1.89460549616, -1.94110891966, -1.94341378469, -1.94441305572, -1.94164139071, -1.88814702771, -1.8904629493, -1.89234858011, -1.88879988662, -1.79899743957, -1.80021099568, -1.80379785274, -1.7991281818, -2.11143060287, -2.11476589317, -2.11397231725, -2.11219035201, -1.84664409983, -1.84699848391, -1.85016298856, -1.8460466107, -1.80036438649, -1.80198088477, -1.80526927801, -1.80068878033, -2.20956463012, -2.21396262667, -2.21270794362, -2.21067712337, -1.83254372128, -1.83318024132, -1.83588698081, -1.83206834947, -1.94384498919, -1.94788243575, -1.94984583482, -1.94524396941, -1.94016099924, -1.94440627047, -1.94651707317, -1.94163805003, -1.81263300183, -1.81408330526, -1.81662115903, -1.81258676193, -1.94728592213, -1.95206732379, -1.95434694533, -1.94893008258, -1.81218444749, -1.81434712946, -1.81684236375, -1.81245414842, -2.25060701605, -2.25769155678, -2.25814412213, -2.2527042779, -1.83098529573, -1.8343756427, -1.83699535294, -1.83179383367, -1.86173185572, -1.86185389953, -1.86220093053, -1.86017798177, -48.7233190147, -48.3277697524, -46.471669762, -45.5679843943, -6.33584617378, -6.34403902886, -6.34359462698, -6.33016756275), .Dim = c(4, 102))
