loo <-
c(-242.569468059, -244.003380573, -242.404273507, -244.740756749)
loos <-
structure(c(-1.79727828889, -1.79824053128, -1.80021853866, -1.79648043245, -1.80569234408, -1.80663036678, -1.80878599418, -1.80465096561, -1.81137938076, -1.81232083317, -1.81452461109, -1.81022671243, -1.962657134, -1.96267017317, -1.96636134904, -1.96031055484, -1.79756077061, -1.79870645481, -1.8004920981, -1.79667711002, -1.7810345908, -1.7824497484, -1.78331016648, -1.78092984314, -1.77996680622, -1.7814393634, -1.78220937775, -1.77989791627, -1.77838663418, -1.77986877581, -1.78081257536, -1.77813630826, -1.78307043999, -1.78450217078, -1.78575370302, -1.78253691986, -1.89251265271, -1.89401854957, -1.89271197936, -1.89386999186, -2.00806758658, -2.0081556135, -2.01133150775, -2.00611185389, -1.78127623958, -1.78301255626, -1.78324067097, -1.78150635625, -1.92800957589, -1.92860127396, -1.93120455278, -1.92645947503, -1.77495083187, -1.77673680642, -1.77711120223, -1.77505330633, -1.77180342674, -1.77358612855, -1.77413328927, -1.77178206262, -1.78512136153, -1.78670954751, -1.78790401539, -1.78464916392, -1.77102102531, -1.77287385741, -1.77332278293, -1.77107197482, -1.85229238089, -1.85345056073, -1.85532910688, -1.85140391888, -1.8176567791, -1.8196328259, -1.81906500392, -1.81831034024, -1.77164416064, -1.77344970996, -1.77426403862, -1.77149697017, -1.7920419884, -1.79406596665, -1.79386391075, -1.7924878698, -2.13544751197, -2.13527012895, -2.13811013723, -2.13446490667, -1.8424187795, -1.84372377083, -1.84537988292, -1.84186050788, -2.08755371731, -2.08763555033, -2.09022969708, -2.08675263985, -2.08222706831, -2.08400292653, -2.08168267108, -2.08374139166, -1.89886226936, -1.90089526288, -1.89973078611, -1.89976042319, -1.7698919027, -1.77195220095, -1.7722346608, -1.77013450941, -1.76787300735, -1.76980644386, -1.77052341455, -1.76793132589, -1.76986377364, -1.7717714501, -1.772559173, -1.76990899564, -1.95645407808, -1.95724041483, -1.95916598285, -1.95612436184, -2.28786347179, -2.28946371342, -2.28669234094, -2.28983985349, -2.17079518831, -2.17252058888, -2.17030798632, -2.17234714353, -1.7871380844, -1.7888993161, -1.78993068568, -1.78716308296, -2.15289717176, -2.1546340896, -2.15267274247, -2.15433486961, -1.78182670806, -1.78363729872, -1.78459218617, -1.78191399988, -1.84131885594, -1.84344917673, -1.84309823765, -1.841880298, -1.77296360082, -1.77485804747, -1.77568939059, -1.77311860327, -2.3227891601, -2.32226479562, -2.32424106648, -2.32344164212, -1.99561860383, -1.99632575964, -1.99788096059, -1.99574287172, -1.84559532211, -1.84702030196, -1.84821246375, -1.84570065246, -2.03370540362, -2.03551490228, -2.03460658734, -2.03465332501, -1.91431198471, -1.91540917212, -1.91666807993, -1.91446826887, -2.07129858348, -2.0730058317, -2.07215955684, -2.0723086192, -1.80679940984, -1.80845830287, -1.80940156688, -1.80698115441, -1.76623434753, -1.76820330281, -1.76889308509, -1.76648157656, -1.83604226569, -1.83754722575, -1.83849335863, -1.83623413492, -1.89703123154, -1.89825057503, -1.89921716079, -1.89725017036, -1.77141640349, -1.77332491653, -1.77404362199, -1.77165285662, -1.92324945371, -1.92437664435, -1.92523155024, -1.9234974954, -1.77892312274, -1.78077413743, -1.78149128089, -1.77914856759, -1.87452036311, -1.87588090698, -1.87661312516, -1.87473861459, -1.83609646704, -1.83764286088, -1.83833003163, -1.83630043958, -2.54606630435, -2.5465441103, -2.54625490713, -2.54862186084, -1.77837977361, -1.78024622601, -1.78088169162, -1.77859728945, -1.77301250251, -1.77504938064, -1.77567274028, -1.77332886562, -1.79243294879, -1.79444539737, -1.7950811181, -1.79280213143, -1.76542873866, -1.76740639348, -1.76802377626, -1.76567106118, -1.76465507559, -1.76664645156, -1.76726639619, -1.76490307949, -1.77492781699, -1.77694980697, -1.77765205737, -1.77525875689, -1.77469818271, -1.77662577751, -1.77714654583, -1.77489652921, -1.79381512536, -1.79566095722, -1.7960555045, -1.79397379001, -1.87894267272, -1.8804861691, -1.8805028742, -1.87905496894, -1.76812315126, -1.77011791291, -1.77065136804, -1.76833962466, -1.87446567568, -1.87608244869, -1.87597530749, -1.87454681522, -2.3182333083, -2.31853471072, -2.32035897621, -2.32013841302, -1.76594045296, -1.76799284862, -1.76871568169, -1.7662594939, -1.77106941743, -1.77311668523, -1.77395261417, -1.7714511522, -1.86557225564, -1.86735635069, -1.86701629103, -1.86559761156, -1.77710897554, -1.77916976031, -1.77948556835, -1.77728507739, -1.93711383877, -1.93856123007, -1.94040342076, -1.93817195405, -2.13717592607, -2.13864953778, -2.1366824343, -2.13737154684, -1.77053782342, -1.77268931281, -1.77309620233, -1.77078444596, -1.94524437087, -1.94713377137, -1.94592457493, -1.94519459329, -1.76591714748, -1.76811805295, -1.76874647016, -1.76628885541, -1.82167366849, -1.8238676322, -1.82347676919, -1.82172194231, -1.81556153243, -1.81781480083, -1.81745271099, -1.8156339376, -1.80244369742, -1.80476034541, -1.80453514802, -1.80257468251, -1.81840698657, -1.82038767784, -1.82229548711, -1.81952581516, -1.80702796462, -1.80908792228, -1.81094027369, -1.8081425875, -1.77737340922, -1.7796402309, -1.78102436531, -1.77826785247, -1.88873452137, -1.89131402715, -1.88993391519, -1.88873422648, -1.7820796266, -1.784660459, -1.78478259141, -1.78248897662, -1.88242509264, -1.88420220065, -1.88729778938, -1.88442824322, -1.91893738858, -1.92185013107, -1.91998690066, -1.91900139685, -1.96770314072, -1.97080671886, -1.96840099366, -1.96781225932, -1.89672434437, -1.89984494517, -1.89811953947, -1.89689425515, -1.7705893098, -1.77333700322, -1.77443232862, -1.77167160635, -2.125499543, -2.12948001314, -2.12543095077, -2.1261152316, -1.81273063248, -1.81513588998, -1.81804630649, -1.81492579923, -1.77279735682, -1.77576968542, -1.7769699052, -1.77413208386, -2.18478704565, -2.18971782664, -2.18488687964, -2.18601123201, -1.8103370981, -1.81294281781, -1.81616955074, -1.81293243746, -1.89757944333, -1.90171169458, -1.89980931725, -1.89832893081, -1.8851494236, -1.88938770237, -1.88767857975, -1.88603131109, -1.79216521534, -1.7951856633, -1.79817423612, -1.794867575, -1.87364533138, -1.87816033966, -1.8766932226, -1.8748202365, -1.78526610204, -1.78860967042, -1.79137466131, -1.78803734186, -2.10777931082, -2.11438580325, -2.10994204663, -2.11005678565, -1.78270795945, -1.78655953885, -1.78861152638, -1.78534455644, -1.88958223122, -1.89225084034, -1.89884090708, -1.89509618567, -49.5649034089, -50.7208070004, -49.0929733287, -51.57719819, -4.97354407824, -5.05923686932, -5.03641280835, -5.08749580479), .Dim = c(4, 102))
