loo <-
c(-716.668942491, -716.657896772, -716.622254297, -716.575105414)
loos <-
structure(c(-7.73152921747, -7.72922332736, -7.73289904025, -7.73156727564, -7.62864103011, -7.62669295906, -7.62982573256, -7.62866862925, -7.53299247266, -7.5313727611, -7.53399575732, -7.53299434938, -7.44004212026, -7.43873810504, -7.44086100812, -7.44000412462, -7.36232022766, -7.36127628974, -7.36297791293, -7.36223885203, -7.28771446255, -7.28691805215, -7.28821231888, -7.28758210053, -7.2165426873, -7.21598046096, -7.21688345745, -7.21635331448, -7.15004017661, -7.14969493069, -7.15023003387, -7.14979036038, -7.08825873035, -7.08811346443, -7.08830482488, -7.08794665755, -7.03710660529, -7.03712506818, -7.03703055047, -7.03673909396, -6.97565287801, -6.97586847633, -6.97542840917, -6.97521227882, -6.93446098139, -6.93480639514, -6.93413398147, -6.9339693195, -6.88586078449, -6.88635993139, -6.8854120173, -6.88530466913, -6.85042525839, -6.85103498723, -6.84988564393, -6.84982063542, -6.81361878801, -6.81434343038, -6.81298409502, -6.81296146726, -6.77928835234, -6.7801197932, -6.77856396874, -6.77858007261, -6.75042432266, -6.75134494618, -6.74962350732, -6.749672077, -6.72079692604, -6.72180916401, -6.71991722443, -6.71999805088, -6.69992521079, -6.70100116382, -6.69898894399, -6.69909315672, -6.67591040493, -6.67706015491, -6.6749091517, -6.67503895412, -6.65742230492, -6.65862838452, -6.65637038412, -6.65652018695, -6.63539783754, -6.63667151148, -6.63428571198, -6.63445812929, -6.62166535223, -6.62298052356, -6.6205149893, -6.62070221078, -6.60647632423, -6.60783769166, -6.60528378804, -6.6054867066, -6.59949207938, -6.60087395783, -6.59827947371, -6.59849060628, -6.5877317475, -6.58914927582, -6.58648623375, -6.58670943489, -6.5771019971, -6.57855172451, -6.57582663982, -6.57606065779, -6.5685999494, -6.57007530491, -6.56730055633, -6.56754332312, -6.5615650941, -6.56306158353, -6.56024570982, -6.5604957606, -6.55456143799, -6.55607905242, -6.55322218483, -6.55347931377, -6.55260976368, -6.55413281285, -6.55126457084, -6.55152430473, -6.54793847707, -6.5494755419, -6.54657993261, -6.54684445123, -6.54254361408, -6.54409702604, -6.54116975994, -6.54143955562, -6.54108015386, -6.54263771202, -6.53970188644, -6.53997350629, -6.53724071726, -6.53880990052, -6.53585151144, -6.53612688238, -6.53590341764, -6.53747647529, -6.53451024038, -6.53478715071, -6.53378250133, -6.53536193011, -6.53238321497, -6.53266226338, -6.53181278231, -6.53339815423, -6.53040782947, -6.53068883585, -6.53118582754, -6.53277299558, -6.52977898116, -6.53006073385, -6.53066227741, -6.53225094815, -6.52925384944, -6.52953622016, -6.53082346492, -6.53241150631, -6.52941537479, -6.52969775433, -6.52966252895, -6.53125413688, -6.52825113142, -6.5285345993, -6.53009124364, -6.53168140525, -6.52868095288, -6.52896415794, -6.52935118181, -6.5309436319, -6.52793878958, -6.52822267305, -6.52937153405, -6.53096385918, -6.52795914305, -6.52824306555, -6.52922466313, -6.53081741047, -6.5278118241, -6.52809590658, -6.52923873071, -6.53083138876, -6.52782588937, -6.52810999043, -6.52958764809, -6.53117913027, -6.5281757105, -6.52845956056, -6.52962599504, -6.53121731759, -6.52821412781, -6.5284979556, -6.53021801613, -6.53180737071, -6.52880770098, -6.5290910762, -6.53056492193, -6.53215311597, -6.52915550615, -6.52943859925, -6.53132380611, -6.53290949573, -6.52991638643, -6.53019887335, -6.53363788026, -6.53521598054, -6.53223657113, -6.53251729257, -6.53362239444, -6.53520055157, -6.53222104594, -6.53250166978, -6.53546686398, -6.53703900673, -6.5340703993, -6.53434952755, -6.53754207749, -6.53910747771, -6.53615111811, -6.53642853212, -6.53958342943, -6.54114222799, -6.53819790355, -6.53847356826, -6.54251763635, -6.54406695486, -6.54113991876, -6.54141310424, -6.54631958008, -6.54785663303, -6.54495198082, -6.54522195747, -6.55003433716, -6.55155945804, -6.54867665451, -6.54894338552, -6.55481390395, -6.5563236804, -6.55346897073, -6.5537315437, -6.56014408725, -6.56163678868, -6.55881338364, -6.55907124913, -6.56787221104, -6.56934010534, -6.56656206272, -6.56681324472, -6.57484995938, -6.57629556004, -6.57355842658, -6.57380331074, -6.5884014334, -6.58980342994, -6.58714571369, -6.58737903, -6.59608984959, -6.59746740069, -6.59485464926, -6.59508066306, -6.60841505531, -6.60975314841, -6.60721245531, -6.60742728972, -6.62011824434, -6.62141898823, -6.61894662301, -6.61915045358, -6.63668393804, -6.63793155636, -6.63555582663, -6.63574442164, -6.65732920962, -6.65851042703, -6.65625496332, -6.65642456987, -6.67043575658, -6.67157529236, -6.66939598719, -6.66955227876, -6.69576735389, -6.69682522232, -6.69479304586, -6.69492539861, -6.71745641799, -6.71844457481, -6.71653807472, -6.71664887024, -6.74748425559, -6.74837523495, -6.74664244806, -6.74672382045, -6.7754490785, -6.77624960827, -6.77467817731, -6.77473101692, -6.80833332824, -6.80902701994, -6.80764490319, -6.80766387913, -6.84466370436, -6.84523891423, -6.84406538808, -6.84404621036, -6.88845123555, -6.88888273515, -6.8879598835, -6.88789420253, -6.93161050873, -6.93189996268, -6.93122329346, -6.93111002272, -6.97784333791, -6.97797990586, -6.97756601397, -6.97740035645, -7.02390811889, -7.02389185135, -7.02373876033, -7.02351894042, -7.08246009207, -7.08224763019, -7.08242481297, -7.08213557515, -7.14908203822, -7.14864439102, -7.1491955503, -7.14882510305, -7.20456181925, -7.20393640136, -7.20479718637, -7.20435466038, -7.27417692071, -7.27331315008, -7.27456066259, -7.27402650425, -7.35152168214, -7.35039043651, -7.35206504225, -7.35142560747, -7.43920398409, -7.43776594113, -7.43992144194, -7.43915839476, -7.51726951942, -7.5155566755, -7.51813691482, -7.51725695936, -7.62585309019, -7.62375100216, -7.62691776366, -7.62587242292, -7.72358142473, -7.7211257122, -7.72481495673, -7.72361092865, -7.81986660264, -7.81705888291, -7.82125786305, -7.81988921315, -7.95257753842, -7.94927440849, -7.95416885047, -7.95256746484, -8.06527834722, -8.06155021865, -8.06702689367, -8.06521315459, -8.19778524956, -8.19354839414, -8.19970064735, -8.19762695866, -8.34908109761, -8.34425209856, -8.35116302389, -8.34877747645, -8.48893167986, -8.48354755603, -8.49114592846, -8.48845248004, -8.65802788433, -8.65195806778, -8.66037045241, -8.6572875772, -8.81086074013, -8.80416239603, -8.81329129893, -8.80983182193, -9.00576912053, -8.99825025861, -9.00826733882, -9.00430643798, -9.20656729479, -9.19818655894, -9.20908383552, -9.20457260508, -9.37399504852, -9.36486543955, -9.37647533301, -9.37151157009, -11.732237101, -11.7150753179, -11.7312662916, -11.7170328024), .Dim = c(4, 102))
