nd <-
c()
nt <- 100
sd_value <- 0.05
t <-
c(-5.0, -4.89898989899, -4.79797979798, -4.69696969697, -4.59595959596, -4.49494949495, -4.39393939394, -4.29292929293, -4.19191919192, -4.09090909091, -3.9898989899, -3.88888888889, -3.78787878788, -3.68686868687, -3.58585858586, -3.48484848485, -3.38383838384, -3.28282828283, -3.18181818182, -3.08080808081, -2.9797979798, -2.87878787879, -2.77777777778, -2.67676767677, -2.57575757576, -2.47474747475, -2.37373737374, -2.27272727273, -2.17171717172, -2.07070707071, -1.9696969697, -1.86868686869, -1.76767676768, -1.66666666667, -1.56565656566, -1.46464646465, -1.36363636364, -1.26262626263, -1.16161616162, -1.06060606061, -0.959595959596, -0.858585858586, -0.757575757576, -0.656565656566, -0.555555555556, -0.454545454545, -0.353535353535, -0.252525252525, -0.151515151515, -0.0505050505051, 0.0505050505051, 0.151515151515, 0.252525252525, 0.353535353535, 0.454545454545, 0.555555555556, 0.656565656566, 0.757575757576, 0.858585858586, 0.959595959596, 1.06060606061, 1.16161616162, 1.26262626263, 1.36363636364, 1.46464646465, 1.56565656566, 1.66666666667, 1.76767676768, 1.86868686869, 1.9696969697, 2.07070707071, 2.17171717172, 2.27272727273, 2.37373737374, 2.47474747475, 2.57575757576, 2.67676767677, 2.77777777778, 2.87878787879, 2.9797979798, 3.08080808081, 3.18181818182, 3.28282828283, 3.38383838384, 3.48484848485, 3.58585858586, 3.68686868687, 3.78787878788, 3.88888888889, 3.9898989899, 4.09090909091, 4.19191919192, 4.29292929293, 4.39393939394, 4.49494949495, 4.59595959596, 4.69696969697, 4.79797979798, 4.89898989899, 5.0)
yobs <-
c(104.899015673, 100.251844048, 95.7697815992, 90.6285270638, 87.3918643355, 83.7553535743, 79.7811698057, 75.7665722807, 71.7730989137, 69.4461644549, 63.188004013, 61.550358058, 56.6139546897, 54.7834707116, 51.4910282499, 47.9799971796, 45.490748274, 41.5922913047, 40.4851994594, 36.9204857943, 35.0464823532, 30.100257344, 28.8278761408, 25.6187956629, 27.1562367094, 24.4609451416, 21.5246024565, 19.32626196, 17.5180297359, 14.6595491255, 16.9198349114, 15.2037071107, 11.2943707996, 12.5930782178, 8.99284051609, 9.30462065533, 7.16879387514, 4.20104978169, 4.35079344799, 4.37436669446, 6.49691174299, 3.10979099227, 5.88732011395, 3.18328015783, 3.60483932628, 2.86996616117, 2.65173493922, 3.76806761574, 3.04191732209, 4.35633133964, 4.1723358765, 4.99162324173, 9.4780673328, 7.00613853514, 8.62333691212, 9.88474519839, 10.3377920245, 11.6072966385, 13.3413386333, 14.094120811, 15.3953262007, 16.4804961778, 19.1254766933, 20.0741514893, 25.5382058724, 25.2635012615, 27.5488969877, 28.4905506253, 31.5172466295, 35.6908174557, 34.8851179099, 39.3001620609, 40.9056185584, 45.0987387341, 47.3420110812, 50.4514781049, 53.7241005492, 58.3610219131, 61.6422938391, 64.7892049381, 66.8962890952, 71.3243290987, 76.59582179, 78.1093926597, 81.9055941721, 86.2841280799, 91.6350013078, 93.9879994314, 100.977737909, 104.785419327, 107.330555872, 114.73022152, 117.781955195, 122.752116914, 129.22217913, 132.940768726, 139.388474254, 142.62076686, 149.8404267, 156.44394736)
